Binomial	Order	Family	Intro	Est	Invas	DCInt	Sources	BM	GT	WA	NBM	LS	LY	AFB	RL	BV	Missing?	In Previous Analysis?
Canis_latrans	Carnivora	Canidae	1	1	1	1	Long (2003)	4.078786583	1.790566625	1.640580806	2.30105171	0.757396029	0	2.562292864	3.796504952	-4.55390098	0	1
Camelus_bactrianus	Artiodactyla	Camelidae	1	1	1	1	Long (2003)	5.743914011	2.59987216	2.566001211	4.535884258	0.1430148	0	3.164352856	4.111934276	-4.254949077	0	1
Capra_hircus	Artiodactyla	Bovidae	1	1	1	1	ISSG; Long (2003)	4.675654358	2.193124598	2.198767021	3.329623613	0.161368002	0	2.825529972	3.8337105	-3.995078502	0	1
Capra_ibex	Artiodactyla	Bovidae	1	1	1	1	DAISIE; Long (2003)	4.842277339	2.224014811	2.048247532	3.443899486	0.045322979	-0.124938737	2.960232873	3.852205423	-3.897528402	0	1
Callithrix_jacchus	Primates	Cebidae	1	1	1	0	Long (2003)	2.462712373	2.158362492	1.779884963	1.443106457	0.36361198	0.301029996	2.744371227	3.660381606	-4.023993585	0	1
Axis_axis	Artiodactyla	Cervidae	1	1	1	1	DAISIE; ISSG; Long (2003)	4.841984742	2.356962311	2.085147812	3.499255322	0.004321374	0.004321374	2.585146777	3.851458825	-3.855780199	0	1
Cervus_elaphus	Artiodactyla	Cervidae	1	1	1	1	DAISIE; ISSG; Long (2003)	5.381777538	2.372193719	2.019697731	3.916760216	0.037426498	-0.040958608	2.99725966	3.960103874	-3.997530372	0	1
Cervus_nippon	Artiodactyla	Cervidae	1	1	1	1	DAISIE; Long (2003)	4.724275788	2.349588321	2.296006669	3.63115042	0	0	3.039414119	3.906130239	-3.906130239	0	1
Erythrocebus_patas	Primates	Cercopithecidae	1	1	1	1	ISSG	3.901256657	2.223236273	2.32590545	2.79355991	0.004321374	-0.013228266	3.033339301	3.876460908	-3.880782282	0	1
Equus_caballus	Perissodactyla	Equidae	1	1	1	1	ISSG; Long (2003)	5.605949576	2.530161263	2.533721231	4.578639095	0	0	2.960232873	4.330565953	-4.330565953	0	1
Genetta_genetta	Carnivora	Viverridae	1	1	1	0	DAISIE; Long (2003)	3.244566554	1.870286829	1.856124444	1.890700398	0.359835482	0.301029996	3.170393269	4.031794174	-4.391629656	0	1
Bison_bison	Artiodactyla	Bovidae	1	1	1	1	DAISIE; Long (2003)	5.795586036	2.452047241	2.458365858	4.301029996	-0.008773924	0	3.039414119	4.032820149	-4.024046225	0	1
Eulemur_fulvus	Primates	Lemuridae	1	1	0	0	Long (2003)	3.376027355	2.082174775	2.129174103	1.875003354	0.041392685	0.301029996	2.987174501	4.0722168	-4.113609485	0	1
Bettongia_gaimardi	Diprotodontia	Potoroidae	1	1	0	0	Long (2003)	3.222078865	1.325104983	2.083932402	-0.522878745	0	0.311753861	2.434568904	3.599446376	-3.599446376	0	1
Bettongia_penicillata	Diprotodontia	Potoroidae	1	1	0	0	Long (2003)	3.073480064	1.308564414	2.176091259	-0.552841969	0	0.477121255	2.460822699	3.811511331	-3.811511331	0	1
Bubalus_bubalis	Artiodactyla	Bovidae	1	1	1	1	Long (2003)	5.968249847	2.505149978	2.380771843	4.574031268	0.176091259	0	2.781816083	3.980681134	-4.156772393	0	1
Chlorocebus_aethiops	Primates	Cercopithecidae	1	1	0	1	Long (2003)	3.567730788	2.233136018	2.337978108	2.528646788	0	0	3.238986474	3.984178387	-3.984178387	0	1
Capreolus_capreolus	Artiodactyla	Cervidae	1	1	0	1	DAISIE; Long (2003)	4.352221313	2.292256071	1.901730692	3.082264623	0.252853031	0.041392685	2.86332286	3.709269961	-3.962122992	0	1
Castor_canadensis	Rodentia	Castoridae	1	1	1	1	DAISIE; ISSG; Long (2003)	4.258263878	2.047625278	1.667452953	2.618225964	0.556302501	0	2.817853454	3.796197044	-4.352499545	0	1
Dasyprocta_punctata	Rodentia	Dasyproctidae	1	1	0	0	Long (2003)	3.363446503	2.032014034	2.146128036	1.356025857	0.096910013	0.271841607	2.687519685	3.493180572	-3.590090585	0	1
Connochaetes_taurinus	Artiodactyla	Bovidae	1	1	0	0	DAISIE; Long (2003)	5.298022278	2.400520721	2.408782494	4.256341483	-0.008773924	0	2.86332286	3.845718018	-3.836944094	0	1
Cricetomys_gambianus	Rodentia	Nesomyidae	1	1	0	0	ISSG	3.102954821	1.49762065	1.538322333	1.35564305	0.492760389	0.301029996	2.32819606	3.44887475	-3.941635139	0	1
Cuniculus_paca	Rodentia	Cuniculidae	1	1	0	0	Long (2003)	3.912357586	2.065355601	1.917768002	2.829155766	0.004321374	0.243038049	2.504589002	3.735631876	-3.73995325	0	1
Dama_dama	Artiodactyla	Cervidae	1	1	1	1	DAISIE; Long (2003)	4.757582842	2.361727836	2.249516316	3.671953685	0	0	3.039414119	3.897901874	-3.897901874	0	1
Dipodomys_ordii	Rodentia	Heteromyidae	1	1	0	0	Long (2003)	1.702430536	1.472610198	1.536478146	0.698100546	0.469822016	0.301029996	1.896699467	3.539974956	-4.009796972	0	1
Herpestes_javanicus	Carnivora	Herpestidae	1	1	1	1	ISSG; Long (2003)	2.875061263	1.685562611	1.639386869	1.392169149	0.344392274	0.301029996	2.479034897	3.518339554	-3.862731827	0	1
Glis_glis	Rodentia	Gliridae	1	1	1	0	DAISIE; Long (2003)	2.107515226	1.450095076	1.444669231	0.176091259	0.713490543	0	2.504294118	3.465476542	-4.178967085	0	1
Hemitragus_jemlahicus	Artiodactyla	Bovidae	1	1	1	1	DAISIE; Long (2003)	4.836428119	2.291723956	2.179756091	3.431363764	0.004321374	0	2.86332286	3.852357984	-3.856679357	0	1
Lepus_americanus	Lagomorpha	Leporidae	1	1	0	1	ISSG; Long (2003)	3.195462372	1.56312496	1.361350024	1.831485839	0.549003262	0.397940009	2.562292864	3.156851901	-3.705855163	0	1
Lepus_arcticus	Lagomorpha	Leporidae	1	1	0	1	Long (2003)	3.644707355	1.715919817	1.811779306	2.021189299	0.749736316	0.176091259	2.546357537	3.336089328	-4.085825643	0	1
Lepus_californicus	Lagomorpha	Leporidae	1	1	0	1	DAISIE; Long (2003)	3.3842602	1.620864475	1.297760511	1.929061124	0.428134794	0.607455023	2.38648969	3.491992392	-3.920127186	0	1
Lepus_europaeus	Lagomorpha	Leporidae	1	1	1	1	DAISIE; ISSG; Long (2003)	3.581657301	1.623145875	1.456527556	2.089905111	0.330413773	0.643452676	2.373820721	3.611033164	-3.941446937	0	1
Lepus_timidus	Lagomorpha	Leporidae	1	1	0	1	Long (2003)	3.492120346	1.699837726	1.364213295	2.054957596	0.499687083	0.477121255	2.424413946	3.662218055	-4.161905138	0	1
Lepus_townsendii	Lagomorpha	Leporidae	1	1	0	0	Long (2003)	3.527841198	1.60991441	1.465828815	1.954194252	0.652246341	0.517195898	2.522813822	3.405980601	-4.058226942	0	1
Macaca_fascicularis	Primates	Cercopithecidae	1	1	1	1	ISSG; Long (2003)	3.659851574	2.21666723	2.452599018	2.516878972	0	0	3.149440823	4.088819078	-4.088819078	0	1
Macaca_mulatta	Primates	Cercopithecidae	1	1	1	1	DAISIE; ISSG; Long (2003)	3.80990903	2.220291186	2.4831021	2.673454063	0.004321374	0	3.164352856	3.994756945	-3.999078318	0	1
Macaca_nemestrina	Primates	Cercopithecidae	1	1	0	0	Long (2003)	3.893250069	2.23299611	2.466274322	2.674787681	0.004321374	-0.070581074	3.155578931	4.038111267	-4.04243264	0	1
Macaca_sylvanus	Primates	Cercopithecidae	1	1	0	0	DAISIE; Long (2003)	4.059621345	2.217062606	2.322736004	2.653067725	0.008600172	-0.259637311	3.242173563	3.790530046	-3.799130217	0	1
Macropus_eugenii	Diprotodontia	Macropodidae	1	1	1	1	Long (2003)	3.72250888	1.475525915	2.498310554	-0.356547324	0.004321374	0	2.504294118	3.61936781	-3.623689184	0	1
Macropus_fuliginosus	Diprotodontia	Macropodidae	1	1	0	1	Long (2003)	4.407640701	1.488550717	2.714891129	-0.065501549	0	0	2.784139234	3.818995457	-3.818995457	0	1
Macropus_parma	Diprotodontia	Macropodidae	1	1	0	0	Long (2003)	3.618740323	1.539828558	2.465873387	-0.301029996	-0.045757491	0.113943352	2.580012113	3.507828896	-3.462071405	0	1
Macropus_rufogriseus	Diprotodontia	Macropodidae	1	1	1	1	DAISIE; Long (2003)	4.226599905	1.477121255	2.629633825	-0.27572413	0.004321374	0	2.700591236	3.801961143	-3.806282516	0	1
Martes_americana	Carnivora	Mustelidae	1	1	0	1	Long (2003)	2.941357365	1.441380885	1.660201201	1.495544338	0.414973348	0	2.562292864	3.770778396	-4.185751744	0	1
Martes_martes	Carnivora	Mustelidae	1	1	0	0	Long (2003)	3.113940012	1.486146997	1.733919151	1.477121255	0.542825427	-0.124938737	2.562292864	3.645716939	-4.188542366	0	1
Mephitis_mephitis	Carnivora	Mephitidae	1	1	0	1	DAISIE; Long (2003)	3.380209432	1.801335096	1.741545517	1.521007252	0.755874856	0.301029996	2.531452876	3.461051154	-4.21692601	0	1
Micromys_minutus	Rodentia	Muridae	1	1	0	0	DAISIE	0.844477176	1.322219295	1.176091259	-0.113509275	0.691965103	0.397940009	1.716003344	3.242541428	-3.934506531	0	1
Mus_musculus	Rodentia	Muridae	1	1	1	1	DAISIE; ISSG; Long (2003)	1.285557309	1.292256071	1.33243846	0.025305865	0.743509765	0.653212514	2.144574208	3.305458855	-4.04896862	0	1
Mustela_erminea	Carnivora	Mustelidae	1	1	1	1	ISSG; Long (2003)	2.454082271	1.821840927	1.784831178	0.352182518	0.828659897	0	1.977554297	3.643949563	-4.47260946	0	1
Mustela_lutreola	Carnivora	Mustelidae	1	1	0	1	DAISIE; Long (2003)	2.753153914	1.640878779	1.76871208	0.86923172	0.653212514	0.041392685	2.511564122	3.515242972	-4.168455486	0	1
Mustela_nivalis	Carnivora	Mustelidae	1	1	0	1	DAISIE; ISSG; Long (2003)	1.894592948	1.562173863	1.565139152	0.301029996	0.705007959	0	2.055108534	3.50002649	-4.205034449	0	1
Mustela_putorius	Carnivora	Mustelidae	1	1	1	1	ISSG; Long (2003)	2.989249533	1.617943435	1.735519059	0.977723605	0.928395852	0	2.483399703	3.482105962	-4.410501814	0	1
Myocastor_coypus	Rodentia	Myocastoridae	1	1	1	1	DAISIE; ISSG; Long (2003)	3.803562945	2.120113071	1.722880611	2.313234292	0.727541257	0.411619706	2.504294118	3.359954944	-4.087496201	0	1
Myodes_glareolus	Rodentia	Cricetidae	1	1	1	0	DAISIE; Long (2003)	1.316599302	1.295347148	1.295127085	0.26245109	0.63447727	0.544068044	1.920227711	3.225510872	-3.859988142	0	1
Nasua_nasua	Carnivora	Procyonidae	1	1	1	1	DAISIE; Long (2003)	3.576974475	1.87540856	2.053654558	2.161098356	0.567026366	0.041392685	2.988549681	3.811442338	-4.378468705	0	1
Ondatra_zibethicus	Rodentia	Cricetidae	1	1	1	1	DAISIE; Long (2003)	2.996209487	1.444981112	1.444669231	1.342225229	0.8162413	0.385606274	2.562292864	3.2955671	-4.1118084	0	1
Neovison_vison	Carnivora	Mustelidae	1	1	1	1	DAISIE; ISSG; Long (2003)	2.954121855	1.558946664	1.687519685	0.936513742	0.677606953	0	2.417392866	3.523557554	-4.201164507	0	1
Nyctereutes_procyonoides	Carnivora	Canidae	1	1	1	1	DAISIE; Long (2003)	3.624796549	1.791269481	1.696268997	1.941610802	0.803457116	0	2.86332286	3.528145078	-4.331602194	0	1
Odocoileus_hemionus	Artiodactyla	Cervidae	1	1	0	1	DAISIE; Long (2003)	4.927167902	2.308543072	1.866228247	3.478204192	0.206825876	-0.013228266	2.738384124	3.867614781	-4.074440657	0	1
Odocoileus_virginianus	Artiodactyla	Cervidae	1	1	1	1	DAISIE; ISSG; Long (2003)	4.880248928	2.304037902	1.902655475	3.469820544	0.195899652	0	2.665580991	3.674034	-3.869933653	0	1
Oreamnos_americanus	Artiodactyla	Bovidae	1	1	0	1	Long (2003)	4.85796779	2.258254054	1.928703027	3.488664915	0.146128036	0	3.039414119	3.713406532	-3.859534568	0	1
Ovibos_moschatus	Artiodactyla	Bovidae	1	1	1	1	DAISIE; Long (2003)	5.494850022	2.408680822	2.405653656	4.018871437	0.004321374	-0.124938737	3.106360909	3.901703462	-3.906024836	0	1
Ovis_ammon	Artiodactyla	Bovidae	1	1	1	1	ISSG; Long (2003)	5.056899975	2.217483944	1.884285462	3.509557342	0.086359831	0	2.550470559	3.705316393	-3.791676223	0	1
Ovis_aries	Artiodactyla	Bovidae	1	1	1	1	ISSG; Long (2003)	4.59215332	2.183383742	2.261262869	3.375890302	0.075546961	0	2.86332286	3.790369622	-3.865916583	0	1
Pan_troglodytes	Primates	Hominidae	1	1	0	1	Long (2003)	4.653212514	2.364532235	3.100649645	3.241800409	0.021189299	-0.698970004	3.705307665	4.1096629	-4.1308522	0	1
Pecari_tajacu	Artiodactyla	Tayassuidae	1	1	0	1	DAISIE; Long (2003)	4.324975333	2.161008437	1.674401813	2.791360769	0.193124598	0.301029996	2.544068044	4.040997692	-4.234122291	0	1
Peromyscus_maniculatus	Rodentia	Cricetidae	1	1	0	1	Long (2003)	1.300595484	1.426185825	1.351989455	0.238046103	0.677606953	0.414973348	1.938119269	3.462589644	-4.140196597	0	1
Petaurus_breviceps	Diprotodontia	Petauridae	1	1	1	0	Long (2003)	2.081923104	1.222196046	2.074267743	-0.744727495	0.260071388	0.113943352	2.605326599	3.725991627	-3.986063015	0	1
Phascolarctos_cinereus	Diprotodontia	Phascolarctidae	1	1	0	1	Long (2003)	3.814829374	1.535167485	2.5409923	-0.443697499	0.004321374	0	2.86332286	3.810904281	-3.815225654	0	1
Procapra_gutturosa	Artiodactyla	Bovidae	1	1	0	0	Long (2003)	4.451391401	2.278616434	1.590730406	3.462397998	0.149219113	0.041392685	2.726437751	3.298275479	-3.447494592	0	1
Procyon_lotor	Carnivora	Procyonidae	1	1	1	1	DAISIE; ISSG; Long (2003)	3.804392981	1.812913357	2.017700971	1.91624333	0.485721426	0	2.538012757	3.847254602	-4.332976029	0	1
Rusa_unicolor	Artiodactyla	Cervidae	1	1	1	1	Long (2003)	5.249254384	2.390935107	2.328497743	4.011570444	0	0	2.896746616	3.940655915	-3.940655915	0	1
Rupicapra_rupicapra	Artiodactyla	Bovidae	1	1	1	1	DAISIE; Long (2003)	4.522005152	2.251200055	1.881042108	3.352182518	0	-0.026872146	3.136324132	3.816324173	-3.816324173	0	1
Rangifer_tarandus	Artiodactyla	Cervidae	1	1	1	1	DAISIE; ISSG; Long (2003)	5.03777897	2.347330015	2.136308267	3.739621388	0.301029996	-0.040958608	2.862342401	3.759112059	-4.060142055	0	1
Rattus_rattus	Rodentia	Muridae	1	1	1	1	DAISIE; ISSG; Long (2003)	2.154363101	1.370142847	1.447158031	0.656098202	0.769377326	0.574031268	2.155761013	3.136359033	-3.905736359	0	1
Saiga_tatarica	Artiodactyla	Bovidae	1	1	0	0	Long (2003)	4.57673296	2.171697207	1.922414024	3.521982306	0.176091259	0	2.444820797	3.606542887	-3.782634146	0	1
Saimiri_sciureus	Primates	Cebidae	1	1	0	0	Long (2003)	2.874754253	2.215082115	2.248978096	2.031408464	0	0.123851641	3.030700897	3.910771101	-3.910771101	0	1
Sciurus_carolinensis	Rodentia	Sciuridae	1	1	1	1	DAISIE; ISSG; Long (2003)	2.736715134	1.651181062	1.841797299	1.180985581	0.474216264	0.301029996	2.562292864	3.917768002	-4.391984267	0	1
Sciurus_vulgaris	Rodentia	Sciuridae	1	1	1	1	Long (2003)	2.522444234	1.579783597	1.809627042	0.945960704	0.653212514	0.301029996	2.437354128	3.607052712	-4.260265226	0	1
Trichosurus_vulpecula	Diprotodontia	Phalangeridae	1	1	1	1	ISSG; Long (2003)	3.429007367	1.243038049	2.282372837	-0.698970004	0.008600172	0.176091259	2.738384124	3.657677195	-3.666277367	0	1
Acomys_cahirinus	Rodentia	Muridae	1	1	0	0	Long (2003)	1.614475366	1.58591171	1.146128036	0.739572344	0.385606274	0.880813592	2.012837225	3.229681842	-3.615288116	0	1
Sus_scrofa	Artiodactyla	Suidae	1	1	1	1	ISSG; Long (2003)	4.926710412	2.061452479	1.990693961	2.90728772	0.655138435	0.176091259	2.494154594	3.860218185	-4.515356619	0	1
Sylvilagus_floridanus	Lagomorpha	Leporidae	1	1	1	1	DAISIE; Long (2003)	3.081775629	1.431363764	1.35755372	1.533390708	0.664641976	0.682145076	2.091925736	3.493656873	-4.158298849	0	1
Tamias_townsendii	Rodentia	Sciuridae	1	1	0	0	Long (2003)	1.898286279	1.447158031	1.62076049	0.546542663	0.574031268	0	2.548605831	3.335723372	-3.90975464	0	1
Tamiasciurus_hudsonicus	Rodentia	Sciuridae	1	1	1	1	Long (2003)	2.301550837	1.534660576	1.827498508	0.838219222	0.59439255	0.243038049	2.534166014	3.292674611	-3.887067161	0	1
Alces_alces	Artiodactyla	Cervidae	1	1	0	1	Long (2003)	5.664548677	2.371067862	1.994976674	4.113943018	0.096910013	0.230448921	3.08516923	3.929589544	-4.026499557	0	1
Ammotragus_lervia	Artiodactyla	Bovidae	1	1	1	1	DAISIE; Long (2003)	4.974061138	2.19379223	2.085147812	3.653212514	0.086359831	0.301029996	2.610212865	3.854453009	-3.94081284	0	1
Antilocapra_americana	Artiodactyla	Antilocapridae	1	1	0	0	Long (2003)	4.676236308	2.394434169	1.942206542	3.53841034	0.285557309	0	2.562292864	3.657915937	-3.943473246	0	1
Antilope_cervicapra	Artiodactyla	Bovidae	1	1	1	1	Long (2003)	4.559919785	2.221648928	1.774516966	3.52970491	0.086359831	0.301029996	2.825529972	3.820913093	-3.907272923	0	1
Varecia_variegata	Primates	Lemuridae	1	1	0	0	Long (2003)	3.585459601	2.010723865	1.957750911	1.971693239	0.334453751	0	2.845594093	4.034195149	-4.3686489	0	1
Vulpes_lagopus	Carnivora	Canidae	1	1	0	1	DAISIE; Long (2003)	3.554412834	1.72419392	1.694605199	1.839917776	0.883661435	-0.036212173	2.480786087	3.707353632	-4.591015067	0	1
Vulpes_vulpes	Carnivora	Canidae	1	1	1	1	ISSG; Long (2003)	3.683079474	1.720159303	1.705093611	2.002122846	0.661812686	-0.040958608	2.47284952	3.710111976	-4.371924662	0	1
Wallabia_bicolor	Diprotodontia	Macropodidae	1	1	0	0	Long (2003)	4.176089811	1.554852434	2.650744512	-0.22184875	0.017033339	0.146128036	2.437354128	3.709799782	-3.726833122	0	1
Erinaceus_europaeus	Erinaceomorpha	Erinaceidae	1	1	1	1	DAISIE; ISSG; Long (2003)	2.890951685	1.567966907	1.602059991	1.191451014	0.666517981	0.176091259	2.543807389	3.413837688	-4.080355668	0	0
Didelphis_marsupialis	Didelphimorphia	Didelphidae	1	1	1	1	Long (2003)	3.054900191	1.146128036	1.966000858	-0.795880017	0.850646235	0.301029996	2.261262869	3.123688342	-3.974334577	0	0
Dasypus_novemcinctus	Cingulata	Dasypodidae	1	1	0	0	DAISIE; Long (2003)	3.596488233	2.127104798	2.136308267	1.984437295	0.597695186	0	2.608229852	3.799910741	-4.397605927	0	0
Suncus_etruscus	Soricomorpha	Soricidae	1	1	0	0	DAISIE; Long (2003)	0.354108439	1.439332694	1.301029996	-0.698970004	0.602059991	0.531478917	2.358460966	2.871411578	-3.473471569	0	0
Suncus_murinus	Soricomorpha	Soricidae	1	1	1	1	ISSG; Long (2003)	1.641077313	1.479863113	1.282395505	0.387389826	0.491361694	0.991226076	1.670920423	2.990839138	-3.482200832	0	0
Talpa_europaea	Soricomorpha	Talpidae	1	1	0	1	Long (2003)	1.942156928	1.48301642	1.511749711	0.51054501	0.589949601	0	2.562292864	3.333447274	-3.923396876	0	0
Tenrec_ecaudatus	Afrosoricida	Tenrecidae	1	1	0	0	Long (2003)	2.948212401	1.779884963	1.339848783	1.384532615	1.22762965	0	2.284803413	3.356663389	-4.584293038	0	0
Oryctolagus_cuniculus	Lagomorpha	Leporidae	1	1	1	1	ISSG; Long (2003)	3.201552787	1.483587297	1.419955748	1.592287816	0.719331287	0.653212514	2.085147812	3.803343747	-4.522675034	0	1
